Profitability Score,Valuation Score,Liquidity Score,Solvency Score,Dividend Score,Earnings Score
56.41510785967588,54.79478706640191,49.31363496713357,49.38958876268468,49.72427710223087,54.09138275821872
64.34036582825766,66.08740131487367,78.71304696181517,82.65339620952875,49.917393672382886,54.54109569909875
58.917611107818395,56.945057495035655,49.38752903553738,48.74769151564705,50.408655249607996,55.48104055882652
44.480255293939194,47.02884481587847,43.33258525227221,51.94789286923111,47.84404840385653,50.22153794405824
43.86131096383672,47.77794528158152,49.21281498585531,50.39090576729339,50.48567116534867,49.353559010414294
49.07491227738218,48.59313261249959,55.52004406737038,47.429692293413495,49.870654564219045,49.38099917483079
55.88988878418065,50.38351141489765,47.90495042966936,45.663472615560764,50.97500744861261,49.63677530956059
46.224510210949795,47.869013935230925,47.70914121437653,46.99350310888852,50.57235156308848,48.28143652172031
46.00225627985364,46.192356161032386,48.65558535950138,57.38993697033344,48.872382435527264,59.187275331636194
