Profitability Score,Valuation Score,Liquidity Score,Solvency Score,Dividend Score,Earnings Score
62.55436808819256,58.640132691717724,47.65662457837634,52.80428837988682,49.56157946658617,61.87464061471567
67.98771027696385,73.94717033646684,81.7028806973008,48.90745832563308,49.86516965319959,61.39369548224346
63.00809090334275,53.622176958078114,50.65010374371328,51.838718914020035,50.61062688201068,62.2574616167306
48.13195757132505,46.29324602290022,50.05735927540625,50.48076782849283,49.30573499922426,50.68819477216614
46.72433218694765,48.02832468445311,50.95868401096821,50.790386549894805,49.78206178685924,50.79178599013569
48.7091060315713,48.91563983693936,54.80044863713295,49.66716926981154,49.16127883028565,49.81865199759251
55.43329763419072,49.87766021892203,48.137652047469665,50.562494331397204,51.30980052978979,49.69381252608834
40.32795612938095,48.73882001760517,52.28815338140569,46.54933581926596,50.0,47.55909661761257
40.60017134883504,47.46065665520025,49.73631100028078,65.91404059071618,47.84404840385653,50.05890473996263
