Profitability Score,valuation Score,Liquidity Score,Solvency Score,Dividend Score,Earnings Score
60.297071230016925,60.651038769235655,47.86378837499215,56.397537069912076,45.01978120863335,61.449422603694714
66.13982421515632,77.5799589411767,79.00287018555001,60.66104563408649,53.68125079835874,59.13189269390611
60.48637892226017,54.42215025249409,49.864942303938946,53.98701538879865,57.33214481119962,56.30290531646
50.67371287253118,46.40577146851413,50.29008781174461,49.219487077321546,45.01278856878735,52.09390622421326
46.0480341995905,48.79434320015767,48.96433509081493,50.00480356511879,46.52809429283161,51.59888130097059
46.56796823078027,48.88969366956695,52.2285549017633,47.87833604172349,53.471905707168396,47.160398633025665
54.93368935750359,50.9578150847171,47.94830634622862,49.235177695116896,64.45809391135697,42.936710957071014
41.46289238776778,49.32563470453577,49.86775859489081,46.259145228897474,0.0,24.299813679237996
42.921748208669364,46.849665292781296,49.710990629074665,61.2055832757252,31.260279133561248,58.73801517947487
