Profitability Score,Valuation Score,Liquidity Score,Solvency Score,Dividend Score,Earnings Score
55.35378303856942,64.1795988750468,53.71685903978291,54.14463756139354,50.35649498159823,53.122329091042666
62.23045749258462,84.7927447634822,83.31564019550784,47.689541525026904,49.84638882241005,55.574101929180046
61.69855004162153,59.16358964164063,50.8233715736319,52.40047965755766,50.55294612275464,57.563978365243635
43.25424242082606,47.306873750880676,47.838391727115386,52.08222899179758,77.17559430181308,35.46243595720546
43.04374725969659,50.503148482101665,52.88675786257194,52.59108156733963,47.84404840385653,49.46526187983455
44.85954067556544,50.50484234314524,57.26630774870087,51.098683404701895,51.17027410022613,47.92582143786271
53.56830965473172,50.9412608917636,47.56072720485706,53.22759117890212,52.87786848364096,47.98406964082368
44.31685053885187,47.93416012090756,43.348097408461754,48.36263059297744,103.07405936137633,23.165251442219397
32.49917095710618,49.00023858881073,49.15818572201328,69.98965498271224,50.0,31.15410283787035
