Profitability Score,Valuation Score,Liquidity Score,Solvency Score,Dividend Score,Earnings Score
58.153559769306035,67.40311533629769,46.73204434291219,50.968684162036524,49.74113159774682,56.05290216598797
64.17661259111046,81.5301825623007,75.21815807909894,48.12511102028179,49.659283592878936,56.266613531881916
64.24927441026104,63.12599909631809,44.99633607180688,53.50310723290909,50.571302772834386,57.336979326226334
44.260912880538555,54.10126185376806,44.32660753628187,48.3241988525778,54.48783367231762,46.81196742312072
44.09607271814309,65.1769329103722,50.649731379438,51.73401532335315,47.84404840385653,50.497467526883455
48.15288093521288,52.90286938160622,52.371157957092024,49.4781470773562,50.08363635751761,49.32694394512495
55.195447367197076,49.964703307035485,47.163420168067475,55.28405291517751,49.767788500916694,50.11190022700177
47.96788319516183,47.34199272195845,45.56753925852897,49.401658167892705,50.47208753679137,48.511714194557996
40.49006925150367,46.568859117414675,48.87891862316092,60.553316771872645,50.0,47.73858552525911
