Profitability Score,Valuation Score,Liquidity Score,Solvency Score,Dividend Score,Earnings Score
57.93762427839918,59.43802728940787,49.08030119751553,48.89801454792834,49.7041955527826,55.36623321798082
65.25034467787792,69.9369479463027,73.50059586323815,48.343661030472916,49.84373433578727,55.759274113052356
64.0655994218534,62.57535216267402,46.690612076430924,49.028285505642586,50.784538908453456,59.64821828300602
47.24352272592415,47.44756528285532,44.555965416512464,49.667301672947076,47.84404840385653,50.18455964473091
42.95996168369023,48.79488975096362,48.93158102248793,51.5167147165503,58.39679859556885,44.49333734984904
48.68170430090541,49.65687998526128,53.74092215407326,49.64119995029829,50.082606327617114,49.24480881458963
56.29959178511892,48.634083579401214,48.07880885791744,49.60250097459654,51.019406843157846,49.7412605067215
44.415116870982025,52.72437727388642,50.044790661948255,47.5193619934502,77.05385482792737,35.53428030350807
44.42631869048359,46.47659576477049,48.92059659653195,58.256192865526515,49.66390227412593,55.10792625921728
